Convolutional model:
           no  precision    recall  f1-score   support

            0       0.98      0.99      0.99       980
            1       0.99      1.00      1.00      1135
            2       1.00      0.98      0.99      1032
            3       1.00      0.99      0.99      1010
            4       0.98      0.99      0.98       982
            5       0.99      0.98      0.99       892
            6       1.00      0.97      0.99       958
            7       0.98      1.00      0.99      1028
            8       0.98      0.99      0.99       974
            9       0.99      0.97      0.98      1009

     accuracy                           0.99     10000
    macro avg       0.99      0.99      0.99     10000
 weighted avg       0.99      0.99      0.99     10000

Random Forest model:
           no  precision    recall  f1-score   support

            0       0.97      0.99      0.98       980
            1       0.99      0.99      0.99      1135
            2       0.96      0.97      0.97      1032
            3       0.96      0.96      0.96      1010
            4       0.97      0.97      0.97       982
            5       0.98      0.96      0.97       892
            6       0.98      0.98      0.98       958
            7       0.97      0.96      0.97      1028
            8       0.96      0.95      0.96       974
            9       0.96      0.95      0.96      1009

    accuracy                            0.97     10000
   macro avg        0.97      0.97      0.97     10000
weighted avg        0.97      0.97      0.97     10000


   Confusion Matrix:
   [[ 971    0    0    0    0    2    3    1    3    0]
   [   0 1127    2    2    0    1    2    0    1    0]
   [   6    0 1002    5    3    0    3    8    5    0]
   [   1    0    9  972    0    9    0    9    8    2]
   [   1    0    0    0  955    0    5    1    4   16]
   [   5    1    1    9    2  860    5    2    5    2]
   [   7    3    0    0    3    3  937    0    5    0]
   [   1    4   20    2    0    0    0  989    2   10]
   [   4    0    6    7    5    5    5    4  930    8]
   [   7    6    2   12   12    1    0    4    4  961]]